29,3
0,273
0,270
26,1
26,3
3,2
3,1
3,3
10,198
10,212
10,258
10,124
10,160
10,188
10,32
10,1
10,164
10,2
10,3
11,12
11,28
11,16
11,4
11,18
11,14
11,1
11,8
11,2
11,3
9,7
9,6
9,1
9,4
9,2
9,3
8,15
8,8
8,7
8,6
8,16
8,18
8,1
8,11
8,2
8,3
12,2
12,1
12,3
20,2
20,1
20,3
19,2
19,1
19,3
48,4
48,3
48,2
48,1
48,0
47,4
47,3
47,2
18,1
47,1
18,3
47,0
46,5
46,4
46,3
46,2
14,1
46,1
14,3
46,0
13,1
45,4
13,3
45,3
45,2
45,1
45,0
43,5
43,4
43,3
43,2
43,1
43,0
40,5
40,4
40,3
40,2
40,1
40,0
38,5
38,4
38,3
2,2
38,2
2,1
38,1
2,3
